 1 1.
 2 0.90020454
 3 0.7963186
 4 0.72150505
 5 0.68322974
 6 0.66837937
 7 0.6643247
 8 0.6718172
 9 0.69604105
 10 0.7264449
 11 0.7537167
 12 0.76822746
 13 0.779054
 14 0.7944699
 15 0.79667073
 16 0.81888694
 17 0.820735
 18 0.824456
 19 0.82899857
 20 0.80254817
 21 0.78691113
 22 0.78492033
 23 0.75971556
 24 0.7219557
 25 0.69707555
 26 0.67511433
 27 0.65202916
 28 0.6207609
 29 0.5887658
 30 0.55557877
 31 0.5235238
 32 0.49638352
 33 0.47980893
 34 0.4687919
 35 0.46150365
 36 0.45489657
 37 0.4481033
 38 0.44142082
 39 0.43445405
 40 0.42768326
 41 0.420749
 42 0.41461563
 43 0.40879765
 44 0.4024072
 45 0.39757603
 46 0.39483866
 47 0.39431152
 48 0.3955377
 49 0.39849478
 50 0.4023503
 51 0.40457773
 52 0.40431094
 53 0.40489876
 54 0.40595144
 55 0.4050511
 56 0.40320703
 57 0.40243
 58 0.40217307
 59 0.40166706
 60 0.40091565
 61 0.39922914
 62 0.3967026
 63 0.39396697
 64 0.39019683
 65 0.38586226
 66 0.38163024
 67 0.3770729
 68 0.37240604
 69 0.36711356
 70 0.36140764
 71 0.35527077
 72 0.3495127
 73 0.34411973
 74 0.33823043
 75 0.33106416
 76 0.32297695
 77 0.31548658
 78 0.3086027
 79 0.30224353
 80 0.2957662
 81 0.29013962
 82 0.2848738
 83 0.2799546
 84 0.2748774
 85 0.2696581
 86 0.26413336
 87 0.25850368
 88 0.2527062
 89 0.24673468
 90 0.24108791
 91 0.23591001
 92 0.23106967
 93 0.22656275
 94 0.22232436
 95 0.21824986
 96 0.21425407
 97 0.21023682
 98 0.20578341
 99 0.20160224
 100 0.19731572
 101 0.19293018
 102 0.18848765
 103 0.18415812
 104 0.17994872
 105 0.17585254
 106 0.17181453
 107 0.16792709
 108 0.1642969
 109 0.16089156
 110 0.1577175
 111 0.15476088
 112 0.15197831
 113 0.14937651
 114 0.14691077
 115 0.14463806
 116 0.14247832
 117 0.1404046
 118 0.13827938
 119 0.13626748
 120 0.13440754
 121 0.13278244
 122 0.1312858
 123 0.1298103
 124 0.12831543
 125 0.12683846
 126 0.12535207
 127 0.12384571
 128 0.12229888
 129 0.1207258
 130 0.119138464
 131 0.11756659
 132 0.11599751
 133 0.114425644
 134 0.11280899
 135 0.11120723
 136 0.10958814
 137 0.107866384
 138 0.10610816
 139 0.104351506
 140 0.10260558
 141 0.10092975
 142 0.09924179
 143 0.09754942
 144 0.09584714
 145 0.094133586
 146 0.09243062
 147 0.0907779
 148 0.08919379
 149 0.08768309
 150 0.08625874
 151 0.084885895
 152 0.08354088
 153 0.08220253
 154 0.08085973
 155 0.07950871
 156 0.07816475
 157 0.0768246
 158 0.07550165
 159 0.074195795
 160 0.07290809
 161 0.07164402
 162 0.07042063
 163 0.069235526
 164 0.06807942
 165 0.06696426
 166 0.06590181
 167 0.06488034
 168 0.063908316
 169 0.06298195
 170 0.062094137
 171 0.06123442
 172 0.06040041
 173 0.059579723
 174 0.058764033
 175 0.05795619
 176 0.057152934
 177 0.056355536
 178 0.05555892
 179 0.054774683
 180 0.05400262
 181 0.053223267
 182 0.052451864
 183 0.051687747
 184 0.050937377
 185 0.050189972
 186 0.049444713
 187 0.048696496
 188 0.04794874
 189 0.0471992
 190 0.04645906
 191 0.04572152
 192 0.044985916
 193 0.044261955
 194 0.043543156
 195 0.04283559
 196 0.042140212
 197 0.04146255
 198 0.040799066
 199 0.04015051
 200 0.03951343
 201 0.0388832
 202 0.038261093
 203 0.037647072
 204 0.037055064
 205 0.03648086
 206 0.035913665
 207 0.035355832
 208 0.03479773
 209 0.03424546
 210 0.0336991
 211 0.033182222
 212 0.03267521
 213 0.03217046
 214 0.03166548
 215 0.031158712
 216 0.030653603
 217 0.030114587
 218 0.02958205
 219 0.02905556
 220 0.028540961
 221 0.028036373
 222 0.02754582
 223 0.027066147
 224 0.026596224
 225 0.026141496
 226 0.025700873
 227 0.02526712
 228 0.02484515
 229 0.024430867
 230 0.024021203
 231 0.023630727
 232 0.02325252
 233 0.02287988
 234 0.022512546
 235 0.022154907
 236 0.021805607
 237 0.021463366
 238 0.021126442
 239 0.020805923
 240 0.020495538
 241 0.020197213
 242 0.019905383
 243 0.019620353
 244 0.019339962
 245 0.019066598
 246 0.018799953
 247 0.01853945
 248 0.01828235
 249 0.018034782
 250 0.017787214
 251 0.017539257
 252 0.017293943
 253 0.017052025
 254 0.016815316
 255 0.016582951
 256 0.016354155
 257 0.016128782
 258 0.015903674
 259 0.015683124
 260 0.015463586
 261 0.0152445175
 262 0.015030817
 263 0.014815721
 264 0.014595907
 265 0.014384912
 266 0.014175092
 267 0.013969201
 268 0.013768641
 269 0.013575593
 270 0.01338787
 271 0.013201537
 272 0.013016328
 273 0.012828301
 274 0.012643374
 275 0.012460756
 276 0.012288715
 277 0.01211888
 278 0.0119492235
 279 0.011780743
 280 0.011622108
 281 0.011459382
 282 0.011301347
 283 0.011142271
 284 0.01099263
 285 0.010841025
 286 0.010693478
 287 0.010547282
 288 0.010402731
 289 0.010264004
 290 0.010125894
 291 0.009990273
 292 0.009859312
 293 0.0097285565
 294 0.009601007
 295 0.009476949
 296 0.009353864
 297 0.009230205
 298 0.009109227
 299 0.008986449
 300 0.008860803
 301 0.008739832
 302 0.008616885
 303 0.008497919
 304 0.008381972
 305 0.008269811
 306 0.00815592
 307 0.008045807
 308 0.007936277
 309 0.007829343
 310 0.0077257226
 311 0.00762389
 312 0.0075347475
 313 0.007444947
 314 0.007356438
 315 0.0072652968
 316 0.007176684
 317 0.0070898808
 318 0.0070039565
 319 0.0069204154
 320 0.0068342695
 321 0.0067469873
 322 0.006667953
 323 0.006581708
 324 0.006495859
 325 0.0064122463
 326 0.006333165
 327 0.0062534143
 328 0.0061685103
 329 0.006089729
 330 0.006009302
 331 0.0059333947
 332 0.0058532637
 333 0.0057760025
 334 0.0056990506
 335 0.005620398
 336 0.0055443086
 337 0.0054707634
 338 0.0054003634
 339 0.0053270864
 340 0.0052548973
 341 0.0051842486
 342 0.005114554
 343 0.0050440826
 344 0.0049758977
 345 0.0049094954
 346 0.004845625
 347 0.004781022
 348 0.0047156326
 349 0.0046545714
 350 0.004591971
 351 0.004529641
 352 0.0044680736
 353 0.0044097626
 354 0.0043482436
 355 0.004288639
 356 0.0042300816
 357 0.0041741836
 358 0.0041181347
 359 0.0040670107
 360 0.0040147947
 361 0.0039642667
 362 0.0039103325
 363 0.0038612273
 364 0.0038124805
 365 0.003765758
 366 0.0037176572
 367 0.0036716894
 368 0.0036230525
 369 0.0035791497
 370 0.0035384642
 371 0.0034940615
 372 0.003451406
 373 0.003405747
 374 0.0033640545
 375 0.0033230297
 376 0.0032824064
 377 0.0032414885
 378 0.003200898
 379 0.003161605
 380 0.0031253195
 381 0.0030878177
 382 0.003051364
 383 0.0030159391
 384 0.0029789528
 385 0.002945453
 386 0.002909232
 387 0.0028755602
 388 0.0028412128
 389 0.0028098184
 390 0.0027780267
 391 0.0027447853
 392 0.002712527
 393 0.002681515
 394 0.0026530428
 395 0.0026240735
 396 0.002594925
 397 0.002567463
 398 0.002539444
 399 0.0025134494
 400 0.0024853323
 401 0.002456119
 402 0.0024281056
 403 0.0024004483
 404 0.0023746178
 405 0.002347963
 406 0.0023214384
 407 0.0022966808
 408 0.0022703717
 409 0.0022481258
 410 0.002221997
 411 0.0021980766
 412 0.0021746345
 413 0.0021465663
 414 0.0021245764
 415 0.002101664
 416 0.0020782703
 417 0.0020562867
 418 0.0020347147
 419 0.0020116572
 420 0.0019883825
 421 0.0019665025
 422 0.0019445696
 423 0.0019229645
 424 0.0019020546
 425 0.0018791883
 426 0.0018602011
 427 0.0018410058
 428 0.0018204578
 429 0.0018039781
 430 0.0017830604
 431 0.001765092
 432 0.0017470776
 433 0.0017262892
 434 0.0017067016
 435 0.0016882303
 436 0.0016709069
 437 0.0016523513
 438 0.0016360416
 439 0.0016175866
 440 0.0016020329
 441 0.0015828487
 442 0.0015639428
 443 0.0015466065
 444 0.0015286036
 445 0.0015145303
 446 0.0014989265
 447 0.0014817927
 448 0.001466776
 449 0.0014514507
 450 0.0014375267
 451 0.0014201753
 452 0.0014064049
 453 0.0013926469
 454 0.0013786445
 455 0.0013629713
 456 0.0013472197
 457 0.0013349014
 458 0.0013213293
 459 0.0013069722
 460 0.0012916407
 461 0.0012802477
 462 0.0012664949
 463 0.0012539793
 464 0.0012405626
 465 0.0012258167
 466 0.0012160387
 467 0.001201151
 468 0.0011919342
 469 0.0011778107
 470 0.0011662185
 471 0.0011531966
 472 0.0011407643
 473 0.0011285179
 474 0.0011144818
 475 0.001103564
 476 0.0010924094
 477 0.001082472
 478 0.0010712792
 479 0.0010596783
 480 0.0010499154
 481 0.0010414133
 482 0.0010326551
 483 0.0010243318
 484 0.0010106742
 485 0.0009980765
 486 0.0009887989
 487 0.0009794518
 488 0.000967877
 489 0.00095743267
 490 0.00094924413
 491 0.0009385383
 492 0.000930027
 493 0.0009191063
 494 0.0009122368
 495 0.0008994859
 496 0.0008886919
 497 0.00087908737
 498 0.0008686121
 499 0.00086235517
 500 0.00085351925
 501 0.0008451782
 502 0.00083304726
 503 0.00082440354
 504 0.00081597967
 505 0.0008068028
 506 0.000800557
 507 0.00079338765
 508 0.000783684
 509 0.000776295
 510 0.0007691902
 511 0.0007600727
 512 0.00075324334
 513 0.00074527605
 514 0.0007382913
 515 0.00073078903
 516 0.00072199845
 517 0.00071651663
 518 0.0007099453
 519 0.00070236437
 520 0.00069658866
 521 0.0006912977
 522 0.0006843175
 523 0.0006773942
 524 0.000667695
 525 0.00066032645
 526 0.0006545118
 527 0.00064826355
 528 0.0006425257
 529 0.0006341442
 530 0.00062901137
 531 0.00062287535
 532 0.000618514
 533 0.00061220536
 534 0.0006056507
 535 0.00060131185
 536 0.00059461617
 537 0.0005881212
 538 0.0005818287
 539 0.0005777394
 540 0.0005728912
 541 0.00056729803
 542 0.00056305586
 543 0.00055644824
 544 0.0005507034
 545 0.0005473862
 546 0.000540942
 547 0.0005351347
 548 0.0005315879
 549 0.0005266424
 550 0.00052109826
 551 0.00051821367
 552 0.00051119254
 553 0.00050703797
 554 0.000502881
 555 0.00049891457
 556 0.0004933176
 557 0.000488287
 558 0.0004831903
 559 0.0004784292
 560 0.0004745272
 561 0.0004712636
 562 0.00046508445
 563 0.00046121652
 564 0.000456206
 565 0.00045353817
 566 0.00045229762
 567 0.00044653553
 568 0.00044272424
 569 0.00043888253
 570 0.00043396626
 571 0.00043098553
 572 0.0004268097
 573 0.00042250994
 574 0.00041962726
 575 0.00041461512
 576 0.00041175613
 577 0.00040725787
 578 0.0004044331
 579 0.0004021541
 580 0.00039773146
 581 0.0003936906
 582 0.00039039025
 583 0.0003868131
 584 0.00038237168
 585 0.00037614518
 586 0.00037335636
 587 0.0003694173
 588 0.0003666012
 589 0.00036252808
 590 0.0003603955
 591 0.00035715904
 592 0.00035495334
 593 0.00035248365
 594 0.00035100113
 595 0.00034631309
 596 0.00034380466
 597 0.00034140743
 598 0.0003388595
 599 0.00033481847
 600 0.00033224977
 601 0.0003274405
 602 0.00032491804
 603 0.00032291943
 604 0.00031945048
 605 0.0003154125
 606 0.0003144823
 607 0.00030989226
 608 0.00030968015
 609 0.00030581278
 610 0.00030213138
 611 0.00029931034
 612 0.00029504977
 613 0.00029330538
 614 0.00029027186
 615 0.00028684153
 616 0.00028647066
 617 0.0002840138
 618 0.00028057606
 619 0.0002788734
 620 0.0002745488
 621 0.0002719131
 622 0.0002723363
 623 0.00026953008
 624 0.00026754846
 625 0.00026560205
 626 0.00026321472
 627 0.00026045338
 628 0.0002589648
 629 0.00025564636
 630 0.00025616097
 631 0.00025170334
 632 0.00025002356
 633 0.00024659102
 634 0.0002455481
 635 0.00024497733
 636 0.00024346299
 637 0.00024169614
 638 0.00023821542
 639 0.0002381
 640 0.00023374805
 641 0.00023236164
 642 0.0002286858
 643 0.00022888408
 644 0.00022584294
 645 0.00022232426
 646 0.00022088678
 647 0.00021821924
 648 0.00021583741
 649 0.00021426866
 650 0.00021237486
 651 0.00021100548
 652 0.0002091762
 653 0.00020924321
 654 0.00020717255
 655 0.00020520561
 656 0.0002033673
 657 0.00020328334
 658 0.00020095354
 659 0.0001991046
 660 0.00019731214
 661 0.00019529017
 662 0.00019270735
 663 0.0001941598
 664 0.00019091115
 665 0.00019014245
 666 0.00018663028
 667 0.00018724788
 668 0.00018527119
 669 0.00017985258
 670 0.00017964978
 671 0.00017985358
 672 0.00017707271
 673 0.00017688709
 674 0.00017481598
 675 0.00017120581
 676 0.00017067551
 677 0.00016910877
 678 0.00016642317
 679 0.00016702061
 680 0.00016692742
 681 0.00016662502
 682 0.00016912723
 683 0.00016613108
 684 0.00016492353
 685 0.00016134306
 686 0.00016030332
 687 0.0001598631
 688 0.00015905777
 689 0.0001562832
 690 0.00015203115
 691 0.00015279539
 692 0.00015145517
 693 0.00014913543
 694 0.00014618329
 695 0.00014614394
 696 0.00014637595
 697 0.00014417454
 698 0.00014236105
 699 0.00014395127
 700 0.00014175134
 701 0.00014069329
 702 0.00013860698
 703 0.00013857574
 704 0.00013803739
 705 0.00013962683
 706 0.00013640185
 707 0.00013613624
 708 0.00013353379
 709 0.00013263473
 710 0.00013551029
 711 0.00013360384
 712 0.00013127048
 713 0.000128988
 714 0.00012799297
 715 0.00012733293
 716 0.00012707396
 717 0.00012648023
 718 0.0001256575
 719 0.00012359234
 720 0.00012367936
 721 0.00012282618
 722 0.00012153679
 723 0.000119990334
 724 0.000118336364
 725 0.00011772132
 726 0.00011751414
 727 0.00011767903
 728 0.00011763734
 729 0.00011414412
 730 0.00011233011
 731 0.00011143673
 732 0.00010954394
 733 0.000109638655
 734 0.000109871
 735 0.00010760151
 736 0.00010665545
 737 0.00010519365
 738 0.00010707932
 739 0.00011262349
 740 0.000105763276
 741 0.000107647335
 742 0.00010614173
 743 0.000109631845
 744 0.00010376388
 745 0.00010062302
 746 0.00010155734
 747 0.00010000024
 748 0.00009927454
 749 0.00009787735
 750 0.000095422656
 751 0.0000958719
 752 0.000096906224
 753 0.00009934506
 754 0.000098154735
 755 0.000095263036
 756 0.0000953912
 757 0.000094521776
 758 0.000096379925
 759 0.00009781771
 760 0.00009590586
 761 0.000092498885
 762 0.00009125529
 763 0.00009101461
 764 0.00008982354
 765 0.00009078412
 766 0.000091463575
 767 0.00009110161
 768 0.00008977272
 769 0.000090283625
 770 0.000089843175
 771 0.000087706816
 772 0.00008706504
 773 0.00008837226
 774 0.00008633172
 775 0.0000868759
 776 0.00008792561
 777 0.00008530346
 778 0.00008195704
 779 0.00008324778
 780 0.000084540094
 781 0.00008540675
 782 0.000082583654
 783 0.00007950463
 784 0.00007737721
 785 0.00007932429
 786 0.000080592996
 787 0.0000800891
 788 0.00007872819
 789 0.00007657357
 790 0.00008138673
 791 0.00008207478
 792 0.00008459034
 793 0.00007802342
 794 0.00007708423
 795 0.00007512997
 796 0.000074666685
 797 0.00007504516
 798 0.0000711774
 799 0.00007484222
 800 0.00007539287
 801 0.0000727613
 802 0.00007395674
 803 0.00007615381
 804 0.00007616523
 805 0.00007409061
 806 0.00007655708
 807 0.000074714444
 808 0.00007399535
 809 0.00007436892
 810 0.00007201704
 811 0.000071454495
 812 0.000071200135
 813 0.00007156825
 814 0.0000717016
 815 0.00007093877
 816 0.00007332174
 817 0.00007081318
 818 0.000068555055
 819 0.00006529413
 820 0.00006682999
 821 0.00006854667
 822 0.00006552891
 823 0.00006789194
 824 0.00006476315
 825 0.00006686067
 826 0.00006589157
 827 0.00006894065
 828 0.00007202535
 829 0.00006710341
 830 0.00006634877
 831 0.00006342613
 832 0.000064201864
 833 0.00006801704
 834 0.00006523223
 835 0.00006440522
 836 0.000061602455
 837 0.000066119035
 838 0.00006754517
 839 0.000063168
 840 0.00006144535
 841 0.000061573075
 842 0.000063440675
 843 0.00006639302
 844 0.000066557404
 845 0.0000665463
 846 0.00006228783
 847 0.00006193917
 848 0.00006623417
 849 0.00006235106
 850 0.000065579465
 851 0.000061669874
 852 0.000063183594
 853 0.00005908934
 854 0.00006147031
 855 0.00006019093
 856 0.00005975346
 857 0.000060079572
 858 0.0000610681
 859 0.00006003698
 860 0.00006128653
 861 0.00005842923
 862 0.0000611669
 863 0.000061250495
 864 0.00005835753
 865 0.000061865685
 866 0.00006094434
 867 0.00006430908
 868 0.00006072065
 869 0.00006058819
 870 0.00006498495
 871 0.00006388717
 872 0.000059817117
 873 0.00005834624
 874 0.00005801351
 875 0.000054082746
 876 0.00005484043
 877 0.000055329678
 878 0.000056611425
 879 0.000060144972
 880 0.00005621763
 881 0.000060605744
 882 0.000059434155
 883 0.00006120154
 884 0.00006116643
 885 0.00005722215
 886 0.00005761235
 887 0.000061667866
 888 0.00006075293
 889 0.000052934723
 890 0.000055233344
 891 0.000055388806
 892 0.000056412053
 893 0.000055324625
 894 0.00005522728
 895 0.000054065706
 896 0.000056863737
 897 0.000060786646
 898 0.00005939893
 899 0.000062797284
 900 0.00005832767
 901 0.000057151236
 902 0.000056584366
 903 0.00005717388
 904 0.00005559155
 905 0.000056352823
 906 0.000055446402
 907 0.000059168375
 908 0.00005392516
 909 0.000055592274
 910 0.00005977299
 911 0.000055570817
 912 0.00005953132
 913 0.00005569878
 914 0.000055939738
 915 0.000058524627
 916 0.000056710585
 917 0.000059182134
 918 0.00006140361
 919 0.00006181294
 920 0.000055837667
 921 0.000054966036
 922 0.000051658877
 923 0.00005549646
 924 0.000053170097
 925 0.000055445304
 926 0.00005521775
 927 0.00005369156
 928 0.000052857686
 929 0.000052787236
 930 0.000053349613
 931 0.000059205053
 932 0.00005285023
 933 0.000051702886
 934 0.000049050956
 935 0.00005087686
 936 0.000053519456
 937 0.00005528036
 938 0.000052049592
 939 0.0000562938
 940 0.000053916574
 941 0.000051796094
 942 0.00005137244
 943 0.000053096985
 944 0.000056333105
 945 0.000051939463
 946 0.000056656878
 947 0.000056098103
 948 0.00005498583
 949 0.000056888013
 950 0.00005923764
 951 0.000057510293
 952 0.0000528249
 953 0.000053470005
 954 0.000053222808
 955 0.000050973722
 956 0.000050284543
 957 0.000057265683
 958 0.00005464096
 959 0.000054543758
 960 0.00005012232
 961 0.00005666353
 962 0.000051066887
 963 0.00004855205
 964 0.00005091922
 965 0.00005004506
 966 0.00005338968
 967 0.000054777964
 968 0.00005062351
 969 0.000050130693
 970 0.000048529255
 971 0.000048718255
 972 0.000047386104
 973 0.000047196725
 974 0.000049699396
 975 0.000049807728
 976 0.00005271046
 977 0.000048287522
 978 0.000055517365
 979 0.000051889678
 980 0.000051064446
 981 0.000052508745
 982 0.00005171968
 983 0.00005349752
 984 0.000051344712
 985 0.000057492307
 986 0.000055882152
 987 0.00005358059
 988 0.000052776864
 989 0.000049990776
 990 0.000049094146
 991 0.00004542882
 992 0.000047916386
 993 0.00005448567
 994 0.000053980908
 995 0.000054310814
 996 0.000054459808
 997 0.00005370153
 998 0.000047855287
 999 0.000049018134
 1000 0.000053274827
 1001 0.00005300124
 1002 0.000053845495
 1003 0.000051676103
 1004 0.000051811185
 1005 0.000051995343
 1006 0.000056026893
 1007 0.00005261362
 1008 0.000050631308
 1009 0.00005139905
 1010 0.00005266615
 1011 0.000053830583
 1012 0.00005252803
 1013 0.00004651736
 1014 0.000047713434
 1015 0.000051902185
 1016 0.00005043065
 1017 0.00005304182
 1018 0.000060857754
 1019 0.00005491605
 1020 0.000055132397
 1021 0.000053631153
 1022 0.000051057006
 1023 0.000053113825
 1024 0.000051682957
 1025 0.00005220084
 1026 0.0000538582
 1027 0.00005143986
 1028 0.000055710065
 1029 0.00005336817
 1030 0.00005386442
 1031 0.00005459883
 1032 0.000052054223
 1033 0.000054306016
 1034 0.00005469699
 1035 0.000047877325
 1036 0.00004932996
 1037 0.000054043136
 1038 0.00005155057
 1039 0.00005473968
 1040 0.000049124166
 1041 0.000050977695
 1042 0.00005174306
 1043 0.000050483253
 1044 0.000051966512
 1045 0.00005194762
 1046 0.00005079712
 1047 0.00005219915
 1048 0.00005014548
 1049 0.00005307445
 1050 0.000049773444
 1051 0.00005198259
 1052 0.000052219966
 1053 0.00005093318
 1054 0.00005579043
 1055 0.00005157924
 1056 0.000053779797
 1057 0.000049972743
 1058 0.000051380506
 1059 0.000046560574
 1060 0.00004703157
 1061 0.000051167463
 1062 0.000048522816
 1063 0.00005164091
 1064 0.000049662434
 1065 0.00004815414
 1066 0.00005315783
 1067 0.00005122817
 1068 0.000053531363
 1069 0.000049996645
 1070 0.00005146498
 1071 0.00005358177
 1072 0.00005237704
 1073 0.000048465867
 1074 0.000048960657
 1075 0.000048807342
 1076 0.000052671498
 1077 0.000052852352
 1078 0.000052279356
 1079 0.000050848168
 1080 0.000051362884
 1081 0.00004943875
 1082 0.000050709772
 1083 0.000052175103
 1084 0.000052596162
 1085 0.000054746004
 1086 0.000049945862
 1087 0.000050000282
 1088 0.000049574322
 1089 0.0000509387
 1090 0.00005676838
 1091 0.00005610972
 1092 0.000052139923
 1093 0.000049940856
 1094 0.000054703352
 1095 0.0000521697
 1096 0.000055319953
 1097 0.00005133853
 1098 0.000054624255
 1099 0.000046632846
 1100 0.00004913688
 1101 0.000049889684
 1102 0.000050566105
 1103 0.000054030428
 1104 0.00005361697
 1105 0.000047212397
 1106 0.00005175028
 1107 0.000053723288
 1108 0.000048410977
 1109 0.000052505682
 1110 0.000049503502
 1111 0.000051417097
 1112 0.000047542504
 1113 0.000050662427
 1114 0.0000476575
 1115 0.000047818892
 1116 0.000053053256
 1117 0.000052839594
 1118 0.00005257386
 1119 0.00005362834
 1120 0.000051580148
 1121 0.00005155507
 1122 0.00005424926
 1123 0.000052801315
 1124 0.00005184219
 1125 0.000052832576
 1126 0.00005531532
 1127 0.00005418424
 1128 0.000055369143
 1129 0.000049254282
 1130 0.00005060875
 1131 0.000052255236
 1132 0.000049295497
 1133 0.00005122439
 1134 0.000050249815
 1135 0.00004883949
 1136 0.000053998367
 1137 0.00005480116
 1138 0.00005138423
 1139 0.0000538879
 1140 0.000057444835
 1141 0.00005402723
 1142 0.000052513213
 1143 0.000050528135
 1144 0.000054831722
 1145 0.00005022562
 1146 0.000053104803
 1147 0.0000497122
 1148 0.000052225023
 1149 0.000053552605
 1150 0.000051361225
 1151 0.000055593813
 1152 0.00004942826
 1153 0.000047198704
 1154 0.000050550494
 1155 0.000053718446
 1156 0.00005301728
 1157 0.000051011026
 1158 0.000052560805
 1159 0.000051875755
 1160 0.00005099735
 1161 0.000051438492
 1162 0.000050330877
 1163 0.000050292478
 1164 0.000050437768
 1165 0.000050335282
 1166 0.0000529347
 1167 0.00005365926
 1168 0.00005260267
 1169 0.00004888242
 1170 0.000048415215
 1171 0.000048583453
 1172 0.00005370002
 1173 0.000049177987
 1174 0.000049426497
 1175 0.000052102005
 1176 0.000050201103
 1177 0.000052442054
 1178 0.000048726375
 1179 0.00005071041
 1180 0.00004976871
 1181 0.000051608647
 1182 0.000047022582
 1183 0.00004698273
 1184 0.00005018468
 1185 0.00004795983
 1186 0.00004331278
 1187 0.0000448065
 1188 0.00004813554
 1189 0.000049812334
 1190 0.000047758287
 1191 0.000048843678
 1192 0.0000493247
 1193 0.00004792068
 1194 0.000045722492
 1195 0.000048137914
 1196 0.000048067337
 1197 0.000046969035
 1198 0.000048034068
 1199 0.000051194544
 1200 0.000052524025
 1201 0.000052099494
 1202 0.000058300677
 1203 0.00005250199
 1204 0.00004969255
 1205 0.000049957285
 1206 0.000053091
 1207 0.00005176897
 1208 0.000046887486
 1209 0.000054004748
 1210 0.000049303966
 1211 0.00004813745
 1212 0.000050488215
 1213 0.000047972513
 1214 0.000049011698
 1215 0.00005199152
 1216 0.00005161931
 1217 0.00004845575
 1218 0.00005048203
 1219 0.00005392508
 1220 0.000053128486
 1221 0.000048121896
 1222 0.0000491731
 1223 0.000051953408
 1224 0.000051637453
 1225 0.000053873544
 1226 0.00004921232
 1227 0.000052278483
 1228 0.000052907697
 1229 0.00005056412
 1230 0.000048138158
 1231 0.000050228235
 1232 0.00004712446
 1233 0.000050106144
 1234 0.000047930156
 1235 0.000049153998
 1236 0.000053084448
 1237 0.000049761682
 1238 0.000049475708
 1239 0.000058760288
 1240 0.000055119595
 1241 0.000047548143
 1242 0.000052677235
 1243 0.000051516727
 1244 0.00004931318
 1245 0.00004878057
 1246 0.00004987695
 1247 0.00004945695
 1248 0.000052291285
 1249 0.000049617956
 1250 0.000047950936
 1251 0.000050802817
 1252 0.00005005351
 1253 0.000049924576
 1254 0.000047655885
 1255 0.000050244293
 1256 0.00005450889
 1257 0.000055662378
 1258 0.000052520612
 1259 0.000047713667
 1260 0.00005074709
 1261 0.00005112784
 1262 0.000054431872
 1263 0.00005849227
 1264 0.00004884148
 1265 0.000050439918
 1266 0.000050639886
 1267 0.000047986163
 1268 0.00004929069
 1269 0.000049039405
 1270 0.000051750478
 1271 0.000051098636
 1272 0.000052156014
 1273 0.000048394057
 1274 0.00004718462
 1275 0.000049192666
 1276 0.000046908648
 1277 0.000052412444
 1278 0.000055559387
 1279 0.00005123835
 1280 0.000049202674
 1281 0.000048638143
 1282 0.00004896094
 1283 0.000046688474
 1284 0.000048157013
 1285 0.000053618587
 1286 0.00005050477
 1287 0.000051691688
 1288 0.000050200197
 1289 0.000048187117
 1290 0.00005429525
 1291 0.000046362347
 1292 0.000052210802
 1293 0.000048372738
 1294 0.00005688375
 1295 0.000050474322
 1296 0.000047557423
 1297 0.000049144364
 1298 0.00005336046
 1299 0.00005292748
 1300 0.00005108317
 1301 0.000047700498
 1302 0.000048254373
 1303 0.00005025896
 1304 0.000053002488
 1305 0.000053276814
 1306 0.000049982562
 1307 0.00005287172
 1308 0.000053836007
 1309 0.000054345863
 1310 0.000052634907
 1311 0.000046498655
 1312 0.000046716556
 1313 0.000046055935
 1314 0.000046092246
 1315 0.000048240083
 1316 0.000050136518
 1317 0.000049759736
 1318 0.00004911782
 1319 0.000053356205
 1320 0.000048438433
 1321 0.000047398742
 1322 0.000048259197
 1323 0.00004874695
 1324 0.000051102958
 1325 0.000049568793
 1326 0.000051388546
 1327 0.00005340592
 1328 0.00005352951
 1329 0.00005456845
 1330 0.0000506843
 1331 0.000050175848
 1332 0.00004992347
 1333 0.00005055628
 1334 0.0000502158
 1335 0.000048066995
 1336 0.000048593836
 1337 0.00004904335
 1338 0.000049961687
 1339 0.000056168956
 1340 0.00005227884
 1341 0.00005299712
 1342 0.000050296832
 1343 0.000056927453
 1344 0.000048519007
 1345 0.000048017777
 1346 0.00005114078
 1347 0.000052549392
 1348 0.00005018753
 1349 0.000051278916
 1350 0.000052486885
 1351 0.00005013029
 1352 0.000050473285
 1353 0.000053450098
 1354 0.000050943247
 1355 0.000047833466
 1356 0.000052134594
 1357 0.000054298096
 1358 0.000049658753
 1359 0.000047179663
 1360 0.00005696156
 1361 0.000050230825
 1362 0.000047746056
 1363 0.000053468873
 1364 0.000054057335
 1365 0.000052539093
 1366 0.000055429024
 1367 0.00005242325
 1368 0.00004986156
 1369 0.0000514372
 1370 0.000056337118
 1371 0.000053697284
 1372 0.00005077387
 1373 0.00005473816
 1374 0.000052422827
 1375 0.00005183641
 1376 0.00005019013
 1377 0.00005194765
 1378 0.000055018947
 1379 0.000051402207
 1380 0.000051212217
 1381 0.00005065989
 1382 0.000052582454
 1383 0.000047580794
 1384 0.000048217844
 1385 0.000049687384
 1386 0.000050231538
 1387 0.0000510595
 1388 0.000049686707
 1389 0.000046486828
 1390 0.000049773298
 1391 0.000045892935
 1392 0.000047022608
 1393 0.000053603053
 1394 0.000052948268
 1395 0.000051092306
 1396 0.000053028933
 1397 0.000052982497
 1398 0.000054093358
 1399 0.000053083877
 1400 0.00005113419
 1401 0.00005143907
 1402 0.00004948817
 1403 0.000051040377
 1404 0.000054089785
 1405 0.000048899827
 1406 0.000049777194
 1407 0.000050701092
 1408 0.00004911188
 1409 0.000050449344
 1410 0.000046192203
 1411 0.00004897654
 1412 0.000049258957
 1413 0.000045816247
 1414 0.000050180854
 1415 0.00004452598
 1416 0.000049264756
 1417 0.000050944505
 1418 0.000051021405
 1419 0.000053057316
 1420 0.00005343327
 1421 0.00004735064
 1422 0.00004636097
 1423 0.000050333176
 1424 0.000048250844
 1425 0.00004938902
 1426 0.000048260477
 1427 0.000046177425
 1428 0.00005191357
 1429 0.000051033596
 1430 0.00004434446
 1431 0.00004724823
 1432 0.00004772082
 1433 0.000047129917
 1434 0.000050005183
 1435 0.000052006915
 1436 0.000048753453
 1437 0.00004956657
 1438 0.000050495237
 1439 0.00005232955
 1440 0.000051969626
 1441 0.00004871103
 1442 0.000048224774
 1443 0.000053534437
 1444 0.00005293802
 1445 0.000053481624
 1446 0.000057428617
 1447 0.000053166736
 1448 0.000058071728
 1449 0.00005122376
 1450 0.000049689028
 1451 0.0000491344
 1452 0.000050021023
 1453 0.000050787028
 1454 0.000047955273
 1455 0.00004779124
 1456 0.000048191498
 1457 0.000047353584
 1458 0.00004835432
 1459 0.00005128335
 1460 0.00004815783
 1461 0.00005114889
 1462 0.000050659026
 1463 0.00005338554
 1464 0.000052466377
 1465 0.00005260718
 1466 0.000054194035
 1467 0.00005156046
 1468 0.00004921235
 1469 0.000049680304
 1470 0.000047285404
 1471 0.000046786132
 1472 0.000050067618
 1473 0.000054176566
 1474 0.000051537645
 1475 0.000050854538
 1476 0.00005196681
 1477 0.00004852482
 1478 0.000050466606
 1479 0.000050267205
 1480 0.000046576606
 1481 0.000047861966
 1482 0.000049339815
 1483 0.000051739502
 1484 0.0000509609
 1485 0.000048709062
 1486 0.000052376163
 1487 0.000050849896
 1488 0.00005460249
 1489 0.000050192088
 1490 0.0000477926
 1491 0.000049836122
 1492 0.000052797986
 1493 0.000050717976
 1494 0.000050778843
 1495 0.000047470898
 1496 0.000053426524
 1497 0.00004967399
 1498 0.000048645183
 1499 0.000050257226
 1500 0.000053172513
 1501 0.000052193194
 1502 0.00005175559
 1503 0.000055334534
 1504 0.000055075205
 1505 0.00005212574
 1506 0.00005489504
 1507 0.00005295519
 1508 0.000053346077
 1509 0.000050007697
 1510 0.000050936786
 1511 0.00005494878
 1512 0.000050927134
 1513 0.00004608988
 1514 0.000048924667
 1515 0.00004927062
 1516 0.000055713663
 1517 0.000050834737
 1518 0.000050269944
 1519 0.00004750871
 1520 0.000054080803
 1521 0.000052905612
 1522 0.000054977154
 1523 0.00004858352
 1524 0.000051189807
 1525 0.000047790134
 1526 0.000050044775
 1527 0.000053148462
 1528 0.000052610903
 1529 0.000053320775
 1530 0.000051384308
 1531 0.00005191111
 1532 0.000053820364
 1533 0.000050215473
 1534 0.000045550263
 1535 0.000047659203
 1536 0.00004792025
 1537 0.000049700895
 1538 0.00004916051
 1539 0.000049414844
 1540 0.000048054157
 1541 0.000050407445
 1542 0.00005435306
 1543 0.000051271745
 1544 0.00005157108
 1545 0.000046541423
 1546 0.000050792405
 1547 0.00005074331
 1548 0.000051205505
 1549 0.000051200743
 1550 0.0000498716
 1551 0.000053815173
 1552 0.000050053277
 1553 0.000050148796
 1554 0.00005091577
 1555 0.000050188028
 1556 0.000049732338
 1557 0.00004818857
 1558 0.000052409458
 1559 0.000048278747
 1560 0.000049919778
 1561 0.00004932336
 1562 0.00004714575
 1563 0.000048259222
 1564 0.00004680866
 1565 0.000049685455
 1566 0.00004933129
 1567 0.00004647219
 1568 0.000049631224
 1569 0.000048346956
 1570 0.000047328806
 1571 0.000050099738
 1572 0.000048542293
 1573 0.000049156253
 1574 0.000049819657
 1575 0.00004801838
 1576 0.000045582583
 1577 0.00005178027
 1578 0.000049304967
 1579 0.000048293576
 1580 0.000051461637
 1581 0.000049621245
 1582 0.000051866304
 1583 0.00004891223
 1584 0.000051912342
 1585 0.00004857982
 1586 0.000049394195
 1587 0.000051308
 1588 0.000048921673
 1589 0.000048903174
 1590 0.000048911323
 1591 0.00004971502
 1592 0.000051507046
 1593 0.000051503437
 1594 0.000051329505
 1595 0.000050478444
 1596 0.000051776376
 1597 0.00005161952
 1598 0.000051808885
 1599 0.00005422117
 1600 0.000051330215
 1601 0.00005194768
 1602 0.000057107398
 1603 0.000047675556
 1604 0.00005030964
 1605 0.000049725455
 1606 0.000050267117
 1607 0.000052306408
 1608 0.00005716441
 1609 0.000053784006
 1610 0.000058455713
 1611 0.000055705717
 1612 0.000060101367
 1613 0.000054695713
 1614 0.00005287336
 1615 0.000049316062
 1616 0.000049376966
 1617 0.000050619987
 1618 0.000053684977
 1619 0.000054674874
 1620 0.000055944372
 1621 0.00005239103
 1622 0.000053118893
 1623 0.0000536283
 1624 0.000050887633
 1625 0.00005038086
 1626 0.00005371043
 1627 0.000050288127
 1628 0.000048547892
 1629 0.000046173875
 1630 0.00004685547
 1631 0.00005137441
 1632 0.000049832805
 1633 0.00005002327
 1634 0.00004908549
 1635 0.00005003823
 1636 0.000051819196
 1637 0.000049040416
 1638 0.000048057478
 1639 0.000052824314
 1640 0.00005319421
 1641 0.0000472077
 1642 0.000049407732
 1643 0.000048706894
 1644 0.000051700485
 1645 0.00004487823
 1646 0.00004728776
 1647 0.000052298048
 1648 0.0000461379
 1649 0.00004821489
 1650 0.000049016988
 1651 0.000049669048
 1652 0.000049143768
 1653 0.00004979945
 1654 0.000049810205
 1655 0.000056143694
 1656 0.00004809049
 1657 0.000051518095
 1658 0.00004782216
 1659 0.000056849596
 1660 0.000045585442
 1661 0.000047680394
 1662 0.0000516982
 1663 0.00004553848
 1664 0.00005097621
 1665 0.000056049765
 1666 0.000046313668
 1667 0.000050886225
 1668 0.000052911277
 1669 0.000050953302
 1670 0.000053088585
 1671 0.000052646737
 1672 0.00005096953
 1673 0.000051822568
 1674 0.000056901965
 1675 0.000051946023
 1676 0.000053752505
 1677 0.000055080334
 1678 0.00004761739
 1679 0.000054298725
 1680 0.00005338544
 1681 0.000052953153
 1682 0.00004813912
 1683 0.000049758197
 1684 0.00005115975
 1685 0.000047263013
 1686 0.000046278255
 1687 0.000048192225
 1688 0.00004840731
 1689 0.000051705687
 1690 0.000051819923
 1691 0.00005017463
 1692 0.00004855004
 1693 0.00005160869
 1694 0.000051870116
 1695 0.000052383002
 1696 0.000056815818
 1697 0.000052662417
 1698 0.000054263648
 1699 0.000052920772
 1700 0.00005323713
 1701 0.000049019305
 1702 0.000052176834
 1703 0.000048675363
 1704 0.000048435133
 1705 0.00005098908
 1706 0.000047209913
 1707 0.000050095976
 1708 0.000052785974
 1709 0.000048619204
 1710 0.00004959906
 1711 0.000052904023
 1712 0.00004875442
 1713 0.000047320664
 1714 0.00005287925
 1715 0.000049649138
 1716 0.00005139074
 1717 0.000049925166
 1718 0.000046569967
 1719 0.000047981386
 1720 0.000050720486
 1721 0.000050856845
 1722 0.000049657072
 1723 0.000044513137
 1724 0.000048248225
 1725 0.00005174468
 1726 0.000048724196
 1727 0.000048803464
 1728 0.000050445866
 1729 0.00004859825
 1730 0.000052895346
 1731 0.000049390706
 1732 0.00004678358
 1733 0.000051477517
 1734 0.000054801036
 1735 0.00005582392
 1736 0.00005244129
 1737 0.00004834913
 1738 0.00004738637
 1739 0.0000484098
 1740 0.000046296584
 1741 0.000049086848
 1742 0.000051811574
 1743 0.00005076925
 1744 0.000055177454
 1745 0.00004967069
 1746 0.000048850336
 1747 0.000044880937
 1748 0.0000481859
 1749 0.00005231841
 1750 0.00004917381
 1751 0.0000487617
 1752 0.000053713036
 1753 0.000051422383
 1754 0.00004763455
 1755 0.000053290492
 1756 0.00005033681
 1757 0.000051709856
 1758 0.00004987159
 1759 0.000049148908
 1760 0.000053714102
 1761 0.000048970644
 1762 0.000049232156
 1763 0.00005061342
 1764 0.000048166436
 1765 0.000047423757
 1766 0.000051777002
 1767 0.00005199272
 1768 0.000047788915
 1769 0.000045841476
 1770 0.00005178493
 1771 0.00004943183
 1772 0.00005059585
 1773 0.000049707647
 1774 0.00004961914
 1775 0.000047787595
 1776 0.00004644057
 1777 0.000049259677
 1778 0.000044876557
 1779 0.000048597314
 1780 0.000044237288
 1781 0.00004830987
 1782 0.000053652144
 1783 0.000049669714
 1784 0.000049609374
 1785 0.00004645201
 1786 0.000048806385
 1787 0.000049316997
 1788 0.00005233554
 1789 0.000048539092
 1790 0.000051137304
 1791 0.000052167918
 1792 0.00005064701
 1793 0.000049412607
 1794 0.000045779845
 1795 0.00004855415
 1796 0.000050569815
 1797 0.000049720176
 1798 0.000050693954
 1799 0.000054986966
 1800 0.000048351016
 1801 0.00004867335
 1802 0.000046032754
 1803 0.000050464987
 1804 0.000050180286
 1805 0.000053428088
 1806 0.000048040878
 1807 0.00004784574
 1808 0.00005207978
 1809 0.000051642706
 1810 0.00004791859
 1811 0.0000519858
 1812 0.000054986325
 1813 0.000047608966
 1814 0.000055925168
 1815 0.0000524274
 1816 0.000048739283
 1817 0.000050105344
 1818 0.000046293517
 1819 0.000052321466
 1820 0.000049530423
 1821 0.000052135434
 1822 0.000052766398
 1823 0.000053693606
 1824 0.000049574825
 1825 0.00004992721
 1826 0.000047789898
 1827 0.00004874572
 1828 0.00005199052
 1829 0.000051834486
 1830 0.000046673245
 1831 0.0000508453
 1832 0.000050636376
 1833 0.0000473287
 1834 0.00005074926
 1835 0.000050229577
 1836 0.00005052332
 1837 0.000053090243
 1838 0.000048906528
 1839 0.000044732904
 1840 0.000047320962
 1841 0.00005103631
 1842 0.00005233338
 1843 0.00005195683
 1844 0.000054227112
 1845 0.000053287044
 1846 0.00005457934
 1847 0.0000550625
 1848 0.000050843886
 1849 0.000047661928
 1850 0.000050323935
 1851 0.00004966733
 1852 0.00004917667
 1853 0.00004858054
 1854 0.000049722716
 1855 0.000052908515
 1856 0.000050410606
 1857 0.00005064141
 1858 0.000050240236
 1859 0.00005078858
 1860 0.0000510469
 1861 0.00005355347
 1862 0.000054080945
 1863 0.000050236336
 1864 0.000054206448
 1865 0.00004819878
 1866 0.000045942026
 1867 0.00005207446
 1868 0.000051868155
 1869 0.00004908673
 1870 0.000048744045
 1871 0.000049609993
 1872 0.000052453193
 1873 0.000050867187
 1874 0.0000507769
 1875 0.000050232597
 1876 0.000049230784
 1877 0.00005360314
 1878 0.00005399579
 1879 0.000046791
 1880 0.000053767195
 1881 0.0000505184
 1882 0.000055620247
 1883 0.000052274838
 1884 0.000052059146
 1885 0.00005411135
 1886 0.00005745801
 1887 0.00004898087
 1888 0.00004521384
 1889 0.00004890292
 1890 0.00004900525
 1891 0.000053073785
 1892 0.00005179108
 1893 0.000049201783
 1894 0.000050797113
 1895 0.00005115756
 1896 0.00005277899
 1897 0.000049419108
 1898 0.00005388417
 1899 0.00005306324
 1900 0.000052498443
 1901 0.000049491544
 1902 0.00004855613
 1903 0.00005672222
 1904 0.000052653406
 1905 0.00005118183
 1906 0.000050995335
 1907 0.000047950423
 1908 0.00004896586
 1909 0.00004911577
 1910 0.000052640327
 1911 0.00005581071
 1912 0.000048715447
 1913 0.000055272034
 1914 0.000050201495
 1915 0.000052133106
 1916 0.000051556915
 1917 0.000048867827
 1918 0.00005443298
 1919 0.0000528542
 1920 0.00004928924
 1921 0.000056389374
 1922 0.00005371215
 1923 0.000054743166
 1924 0.000053338223
 1925 0.00005008002
 1926 0.000052066676
 1927 0.000052660205
 1928 0.000054044587
 1929 0.000052883606
 1930 0.0000533654
 1931 0.000053561787
 1932 0.00004989132
 1933 0.000050433846
 1934 0.000051973664
 1935 0.000053541396
 1936 0.00005070286
 1937 0.000050432598
 1938 0.00005020809
 1939 0.00005409426
 1940 0.000051750638
 1941 0.00005181871
 1942 0.00005496368
 1943 0.000050610637
 1944 0.000048935526
 1945 0.0000506242
 1946 0.000051062776
 1947 0.00005164729
 1948 0.000053754702
 1949 0.000051095794
 1950 0.000050343686
 1951 0.000053158208
 1952 0.00005556885
 1953 0.000050919418
 1954 0.00004872595
 1955 0.000049506973
 1956 0.00004711093
 1957 0.000049416838
 1958 0.000049420545
 1959 0.000047929007
 1960 0.000051494324
 1961 0.000050675197
 1962 0.000046985824
 1963 0.000050471954
 1964 0.000046943267
 1965 0.000044592824
 1966 0.000046539655
 1967 0.000045003395
 1968 0.000049057355
 1969 0.000051030624
 1970 0.00004995649
 1971 0.000048043334
 1972 0.000049106413
 1973 0.00004630108
 1974 0.000049152466
 1975 0.000049525213
 1976 0.000047580983
 1977 0.00004568307
 1978 0.00004710487
 1979 0.000049795926
 1980 0.000053614982
 1981 0.000049227758
 1982 0.000048518184
 1983 0.000045834495
 1984 0.00004877202
 1985 0.00005210924
 1986 0.000050787963
 1987 0.000051849154
 1988 0.000048830232
 1989 0.000048243186
 1990 0.00004678204
 1991 0.000050861367
 1992 0.000046141442
 1993 0.000046719895
 1994 0.00004842531
 1995 0.000050927225
 1996 0.0000486438
 1997 0.00004869323
 1998 0.00005241146
 1999 0.000052292562
 2000 0.000050882623
