 0.99999976 0.99999964 7.9698003E-7 0.9464281
 1.0000021 1.0000008 2.976462E-7 0.9464297
 0.99998367 0.9999907 -0.000003916909 0.9464173
 1.000001 1.0000007 3.688755E-7 0.94642943
 0.99897146 0.9992051 -0.00045953604 0.94549984
 1.0000142 1.0000101 0.0000061244414 0.9464404
 0.99999887 0.9999993 -3.514621E-7 0.9464277
 1.000003 1.000002 9.744263E-7 0.94643104
 1.0213872 1.0157454 0.009242872 0.96504784
 0.99670345 0.99749225 -0.0014467146 0.9434764
 0.9999429 0.999961 -0.00001965255 0.94638455
 0.99992627 0.99994636 -0.000030854408 0.9463658
 1. 1. 3.160663E-10 0.9464285
 1.0000001 1.0000001 1.0821301E-7 0.9464286
 1.0000341 1.000026 0.000015364743 0.946459
 0.99996054 0.99997073 -0.0000147701385 0.94639456
 0.99998933 0.99999183 -0.0000043645196 0.94641924
 1.0299631 1.0224427 0.0133983195 0.97270125
 1.0392172 1.0287222 0.017379975 0.9804679
 1.0268775 1.0199105 0.011611926 0.9699059
 1.0143508 1.0106244 0.0062383153 0.9589042
 0.99958533 0.9996973 -0.0001652887 0.94607574
 0.99961495 0.99970526 -0.00016896585 0.9460852
 1. 0.99999994 2.411664E-8 0.9464286
 0.9999998 0.9999998 -5.7528016E-8 0.9464285
 1.0000012 1.0000007 5.416618E-7 0.94642955
 1.0000918 1.0000666 0.000036262143 0.94650686
 0.99965787 0.9997426 -0.00013321998 0.9461288
 0.9995516 0.9996615 -0.00018437389 0.94603425
 0.9992501 0.99943554 -0.0003162958 0.94577056
 1.0000029 1.000002 0.0000011646795 0.9464311
 0.99998003 0.9999852 -0.000008442509 0.9464114
 0.99888223 0.9991968 -0.00082698493 0.9449218
 1.0216584 1.0166533 0.009345412 0.96550435
 1.0458541 1.0334487 0.020355081 0.98615515
 1.0325825 1.023711 0.014102255 0.9744372
 1.0021147 1.0016046 0.00091112166 0.94829625
 1. 1.0000001 -2.9510495E-8 0.9464286
 1.0000001 1. 1.3714302E-8 0.94642854
 0.9999999 0.9999999 -1.15601736E-7 0.9464284
 1.0002652 1.0001962 0.000112111054 0.9466582
 0.99895835 0.99922687 -0.00045569346 0.94552726
 0.99808383 0.99861467 -0.0007799938 0.9448061
 0.9989823 0.99924314 -0.00044605517 0.94554526
 1.0000006 1.0000004 2.664909E-7 0.9464291
 1.0000061 1.0000046 0.0000020452 0.9464339
 0.999962 0.999971 -0.000013913454 0.9463952
 0.98922366 0.989878 -0.0040768874 0.93642104
 0.98945075 0.9908891 -0.004834103 0.93618023
 0.9995476 1.0000829 -0.0012456849 0.94547975
 1.0416466 1.0307777 0.01830589 0.9829025
 1.049624 1.0361125 0.021797948 0.9893959
 1.0458719 1.0331508 0.019840267 0.9857747
 1.0159823 1.0117419 0.0069930735 0.9602315
 0.9999999 0.99999994 1.5586043E-8 0.9464284
 1. 1. 2.3448738E-8 0.94642866
 0.99999994 1. 1.2700039E-8 0.94642854
 1.0004064 1.0002979 0.0001512229 0.9467761
 1.0041603 1.0030252 0.0018703606 0.949952
 1.0058874 1.0044012 0.002576533 0.9515516
 0.99698204 0.9977538 -0.0010937403 0.9438094
 1.0220473 1.0154926 0.008556379 0.96475476
 0.9999993 0.99999934 -1.3423598E-7 0.94642794
 0.99999976 0.9999998 -2.9927014E-7 0.9464284
 0.9999964 0.9999974 0.0000013089125 0.9464263
 1.0001233 1.000092 0.000029256651 0.94653356
 0.9884238 0.98463637 -0.0013972524 0.93516403
 0.98557836 0.9850992 -0.003736871 0.93370664
 0.98244303 0.98224366 -0.004529954 0.93087274
 0.9787946 0.97893363 -0.0058737504 0.9268601
 1.0115702 1.0089443 0.0046445676 0.9564563
 1.0494951 1.0363283 0.021832297 0.98983306
 1.0316174 1.0225737 0.0134046385 0.9731948
 1.0498621 1.0366577 0.02197654 0.99012655
 1. 0.9999998 2.4426956E-8 0.94642866
 0.99999994 1. 1.38911025E-8 0.9464286
 0.99999994 0.99999994 1.3219161E-9 0.94642866
 0.99999994 0.99999994 1.5261929E-8 0.94642854
 1.0287184 1.0202372 0.011841752 0.97042346
 0.9983933 0.9988012 -0.00051138294 0.94504696
 1.0291326 1.0213206 0.0111364955 0.9714797
 1.0556754 1.0410669 0.025419176 0.9959132
 1.0726837 1.0525967 0.034000956 1.0111005
 1. 1. 3.9640856E-8 0.9464287
 1.0000001 1.0000001 4.626313E-8 0.9464287
 0.9999987 0.999999 -1.0466391E-7 0.9464277
 1.0000263 1.000019 0.0000026148634 0.9464453
 0.98463726 0.9749308 0.00019584826 0.92922425
 0.9861027 0.9800391 -0.0010819053 0.9317084
 0.981021 0.9719432 -0.00080218277 0.9263244
 0.9745568 0.9703452 -0.0056229136 0.92162514
 0.98666835 0.98693377 -0.0039413096 0.93271244
 1.0365738 1.0273271 0.016638396 0.9792417
 1.0000002 1. 7.273169E-8 0.94642866
 1. 0.99999994 1.5655022E-8 0.9464286
 1. 1. -4.4671907E-8 0.9464286
 1. 0.99999994 -2.8215226E-8 0.94642854
 1. 1.0000001 -3.186284E-8 0.9464287
 0.99973845 0.99980986 -0.000068428955 0.9462454
 1.0097655 1.0073724 0.0038451592 0.9548969
 1.1217328 1.0835079 0.056099344 1.0511822
 1.0033023 0.99975264 0.0025900258 0.94815916
 1.0211715 1.0144109 0.011198821 0.96654266
 0.96062213 0.96199554 -0.015397682 0.90815234
 0.99999994 1. -2.256673E-8 0.94642854
 0.9999998 0.99999976 -2.1692255E-8 0.9464285
 1.0000001 1. 1.5573117E-9 0.9464287
 1.0000027 1.0000018 0.00000117284 0.9464313
 0.99999577 0.99999636 -0.0000027872418 0.9464246
 0.9794619 0.9660607 0.00033737556 0.9231375
 0.97996634 0.9669444 0.00038466117 0.92382735
 0.9781881 0.96256983 7.27379E-8 0.92133987
 0.97565746 0.95807457 4.0131933E-8 0.9190889
 0.9659438 0.95936704 -0.008576006 0.91252327
 1.0000002 1.0000001 5.3686186E-8 0.94642866
 1. 0.99999994 -5.1388698E-9 0.9464286
 0.99999976 0.99999994 -9.995266E-9 0.9464284
 0.99999994 0.99999994 -4.939008E-10 0.94642854
 0.9999999 0.9999999 -4.315534E-8 0.9464284
 1.0003352 1.0002272 0.00011705591 0.94673985
 0.99708164 0.9980345 -0.0010822981 0.94369876
 1.1366076 1.0931447 0.062248856 1.063851
 1.128607 1.087645 0.060656812 1.0577799
 0.89558023 0.91109765 -0.04074833 0.85132086
 0.9379037 0.939969 -0.021009684 0.88846785
 0.9565749 0.9472434 -0.009836358 0.9029289
 1. 1.0000002 -4.5554888E-8 0.9464288
 0.9999984 0.9999988 -6.566662E-7 0.9464272
 1.0000002 0.99999994 -7.0752165E-8 0.9464288
 1.0000002 1.0000001 -2.5884406E-8 0.94642866
 0.99999994 0.99999994 -1.2757046E-8 0.94642854
 1.0000187 1.0000131 0.000007387714 0.9464444
 0.99991506 0.9999361 -0.00003462325 0.94635165
 0.97762394 0.9630749 3.5390787E-8 0.92117167
 0.9799659 0.966944 -0.0003845914 0.9238272
 0.9810204 0.9719424 0.0008023934 0.9263238
 0.9745565 0.9703444 0.005623039 0.9216248
 0.97564256 0.9532917 -7.175591E-8 0.9176523
 0.96594334 0.95936626 0.00857613 0.9125228
 1.0000002 1.0000002 1.0160124E-8 0.94642895
 0.9999998 0.9999997 -6.058048E-8 0.94642836
 0.99999994 0.9999999 -4.3531273E-8 0.9464285
 0.99999994 0.99999994 -1.0229689E-8 0.9464286
 0.9999997 0.9999998 -2.5547322E-8 0.9464284
 0.99999005 0.999982 -0.000031432897 0.94643074
 0.995416 0.99675256 -0.0016174833 0.94235057
 1.1077325 1.0747306 0.04662906 1.039385
 1.2144789 1.1434016 0.10199804 1.1310077
 0.956575 0.9648608 -0.011441418 0.90955114
 0.8860979 0.90345013 -0.04572516 0.8419557
 0.9500285 0.93612945 -0.007678009 0.8936997
 0.965547 0.9393464 -1.5897628E-8 0.90735155
 0.99999154 0.99999374 -0.0000034756156 0.9464213
 1.0000015 1.0000011 5.415903E-7 0.94643
 0.99999976 0.99999976 -2.5716488E-7 0.94642836
 1. 1. -4.124348E-8 0.94642866
 1. 1. 8.938152E-9 0.94642866
 0.9999999 0.99999994 -1.3565564E-9 0.94642854
 0.9999999 0.9999999 -1.925805E-8 0.9464284
 1.0000819 1.000057 0.000032667867 0.9464964
 0.999457 0.99960756 -0.00021307984 0.94596803
 0.97946167 0.9660602 -0.00033730015 0.92313725
 0.98463666 0.97493017 -0.00019583022 0.9292236
 0.9861021 0.9800383 0.0010820567 0.9317078
 0.9824422 0.9822424 0.004530039 0.930872
 0.9787942 0.9789327 0.005873788 0.92685986
 0.9866683 0.98693335 0.0039411583 0.93271214
 0.95657456 0.94724244 0.009836227 0.90292835
 0.96062094 0.96199393 0.015398063 0.9081509
 1.0033028 0.9997528 -0.0025904411 0.9481597
 1. 1. -4.121761E-9 0.9464288
 0.9999998 0.9999998 -3.8522536E-8 0.94642836
 0.9999999 0.9999998 -7.752004E-8 0.9464284
 1.0000001 1. -5.579613E-8 0.94642866
 0.9964195 0.99744296 -0.001360282 0.94334686
 1.0000473 1.0000361 -0.000020559217 0.9464845
 1.0758085 1.0535765 0.032554824 1.0119278
 1.2419425 1.1595622 0.115362965 1.1545554
 1.1190549 1.0812937 0.056714922 1.0501087
 0.868647 0.88830554 -0.050286572 0.8267953
 0.86627984 0.8834519 -0.0503911 0.8255366
 0.94562626 0.92636 -0.0054791863 0.88949674
 0.9441615 0.90677166 1.4425102E-7 0.8848621
 0.95002717 0.9361267 0.0076777395 0.89369774
 0.93790245 0.9399671 0.021009611 0.8884664
 1.0000205 1.0000119 0.000004304554 0.9464435
 0.99999386 0.9999954 -0.0000024170831 0.9464234
 1.0000037 1.0000027 0.000001374863 0.9464318
 0.99999905 0.9999993 -4.2286254E-7 0.94642794
 1.0000001 1.0000001 4.2901892E-8 0.9464288
 1.0000001 1.0000001 5.694915E-9 0.9464286
 1.0000001 1.0000001 -1.2558864E-8 0.9464286
 0.99999994 0.99999994 1.35289255E-8 0.9464286
 1. 0.99999994 -2.1196312E-8 0.94642854
 1.0002711 1.0002288 0.00013875778 0.94668925
 0.99789315 0.9984217 -0.00090925506 0.94458985
 0.988423 0.9846352 0.0013973429 0.93516326
 0.9855775 0.9850981 0.003736938 0.93370587
 0.98945016 0.9908884 0.0048341257 0.93617976
 0.99954736 1.0000821 0.0012456529 0.9454797
 1.0115707 1.0089445 -0.004644943 0.9564567
 1.0365762 1.0273287 -0.01663932 0.9792439
 1.0211712 1.0144107 -0.011198634 0.9665427
 1.0726876 1.0525995 -0.03400294 1.0111041
 1.0556788 1.0410694 -0.025420878 0.9959163
 0.99999976 0.99999976 1.8102238E-8 0.9464285
 0.9999999 0.9999999 -3.483544E-8 0.9464286
 0.9999998 0.9999999 -5.9378532E-8 0.9464284
 1.0000001 1.0000001 -2.795366E-8 0.9464287
 1.0180919 1.0135784 0.008325204 0.9617911
 1.0091469 1.0066339 0.0040651234 0.9543801
 1.2454865 1.1614386 0.11664596 1.1572495
 1.2377019 1.1563798 0.11602563 1.1512746
 1.0075091 1.0003506 0.005879144 0.9513686
 0.8535298 0.8735516 -0.05519894 0.81330824
 0.8382562 0.8567348 -0.059597716 0.79913074
 0.929497 0.90297455 -0.005082712 0.8736345
 0.9373199 0.89303863 2.764094E-7 0.8766643
 0.9456233 0.92635435 0.0054787165 0.8894925
 0.88609886 0.903451 0.045725092 0.8419568
 0.8955789 0.9110959 0.04074861 0.8513193
 1.0000294 1.0000216 0.0000090991125 0.94645435
 1.00025 1.0001928 0.0001281536 0.9466485
 0.9999665 0.99997497 -0.00001369974 0.94639945
 1.0000113 1.0000087 0.0000046837154 0.9464386
 0.99999803 0.99999857 -8.372191E-7 0.946427
 1. 1. 8.3045414E-8 0.9464287
 0.99999994 1. 1.39770036E-8 0.9464286
 1. 0.99999994 2.674857E-8 0.94642866
 1.0000001 1.0000001 3.684041E-8 0.94642866
 1. 1.0000001 6.5344437E-9 0.94642866
 0.99999994 0.9999999 6.6185977E-9 0.94642854
 0.99765414 0.9981988 -0.0010068972 0.9443551
 0.998074 0.99851495 -0.0009318092 0.94451624
 0.9892228 0.9898773 0.0040769284 0.9364205
 0.9988822 0.9991967 0.0008268366 0.9449218
 1.0216595 1.0166538 -0.009346092 0.9655054
 1.041649 1.030779 -0.018307066 0.9829046
 1.0494983 1.0363303 -0.021833751 0.9898358
 1.0498662 1.0366606 -0.021978067 0.99012977
 1.1286097 1.0876465 -0.060657647 1.0577822
 1.12174 1.0835123 -0.05610285 1.0511882
 1.0291356 1.0213227 -0.011137789 0.9714823
 1.0220491 1.0154938 -0.008557343 0.96475625
 1.028721 1.0202392 -0.011842887 0.97042567
 1. 1. -2.3926372E-8 0.9464285
 0.99999976 0.9999998 -5.8502827E-8 0.94642836
 0.9999999 1.0000001 -6.3803775E-8 0.94642854
 0.99999994 1. 6.23598E-8 0.9464285
 1.1642601 1.11154 0.07367237 1.0877815
 1.1092396 1.0767149 0.048576254 1.0409597
 1.2894021 1.1872034 0.13979387 1.1952361
 1.1262707 1.0810324 0.05922213 1.0528435
 0.9551533 0.9584021 -0.016042883 0.9046987
 0.8280501 0.85099715 -0.063734174 0.7907612
 0.8083456 0.82840776 -0.06755345 0.77189994
 0.90520155 0.8779699 -0.012345588 0.8495476
 0.93953496 0.8894311 6.602316E-7 0.8761072
 0.92949206 0.9029666 0.00508149 0.8736287
 0.8662802 0.88345134 0.05039114 0.8255369
 0.86864746 0.88830554 0.050286893 0.82679564
 0.95656836 0.96485585 0.011442565 0.909545
 1.0002291 1.0001732 0.00009115724 0.9466298
 0.995388 0.9965164 -0.002210786 0.94239384
 0.9982967 0.9986122 -0.0008522596 0.94492227
 0.9999094 0.9999312 -0.000039055103 0.94634897
 1.0000207 1.0000157 0.0000090561225 0.94644696
 0.99999696 0.99999774 -0.0000013136763 0.9464259
 1.0000001 1.0000001 1.3844043E-7 0.9464288
 0.9999999 0.9999999 5.593452E-8 0.94642854
 0.99999994 1. 1.9580646E-8 0.9464286
 1.0000001 1.0000001 4.1982727E-8 0.94642866
 1. 1.0000001 5.254018E-8 0.9464286
 0.99999994 1. -5.4284746E-9 0.9464286
 1.0058765 1.0045493 0.002783164 0.95154667
 1.0504043 1.0367345 0.02292143 0.9902727
 1.0299652 1.022444 -0.013399289 0.9727029
 1.0392202 1.0287242 -0.017381188 0.9804704
 1.0458572 1.0334508 -0.020356534 0.9861578
 1.0496271 1.0361146 -0.021799505 0.98939854
 1.0458753 1.0331532 -0.019841809 0.98577744
 1.031621 1.0225763 -0.013405863 0.97319746
 1.2144874 1.1434065 -0.10200151 1.1310148
 1.1366184 1.0931515 -0.062254064 1.0638603
 1.0097678 1.0073739 -0.003845925 0.95489883
 0.9983934 0.9988011 0.0005115291 0.94504696
 0.99698174 0.9977538 0.0010938521 0.94380915
 1.0041603 1.0030254 -0.00187058 0.9499522
 0.9980833 0.99861443 0.00078000035 0.9448056
 1.0058881 1.004402 -0.0025768257 0.95155233
 0.99999994 1. -2.119372E-8 0.94642854
 0.9999997 0.9999999 2.9864369E-9 0.94642836
 0.9999999 0.99999994 9.070754E-8 0.94642854
 1.3092109 1.1974198 0.14934993 1.2109364
 1.2585763 1.1684265 0.12090784 1.1679971
 1.2454938 1.1581255 0.1191901 1.1564087
 1.0389475 1.0169072 0.019407455 0.9750834
 0.919572 0.9287229 -0.029268486 0.8744068
 0.8147217 0.8382065 -0.06871462 0.77785206
 0.86224425 0.84172714 -0.032062482 0.8108549
 0.78154385 0.80204976 -0.073858745 0.74705344
 0.9400344 0.8839546 7.132925E-7 0.8753312
 0.9051969 0.877962 0.012343413 0.84954214
 0.8382551 0.8567317 0.059597366 0.7991289
 0.85353005 0.87355196 0.0551992 0.8133089
 1.0075061 1.0003483 -0.0058768094 0.9513659
 1.1190499 1.0812899 -0.056712124 1.0501038
 1.0009094 1.0007029 0.00040345182 0.9472325
 0.9957116 0.99741805 -0.0011475311 0.9426939
 1.0557343 1.0397463 0.024222646 0.9944573
 0.9979424 0.99891424 -0.00032249186 0.9449993
 0.99201876 0.9938413 -0.0033882759 0.9392551
 0.9998437 0.99988514 -0.00007146133 0.94629234
 1.0000266 1.0000194 0.000011971212 0.9464518
 0.99999565 0.9999968 -0.0000019997851 0.9464249
 1. 1. 1.4037641E-7 0.9464287
 0.9999998 0.9999998 -3.7578765E-8 0.9464285
 0.9999999 0.9999999 -5.4234706E-9 0.94642854
 0.9999999 0.99999994 3.871051E-8 0.94642854
 0.99999994 0.99999976 3.7090718E-8 0.9464285
 0.9999999 0.9999998 1.3725429E-8 0.94642854
 0.99999994 0.99999994 4.2867143E-8 0.94642866
 0.99999994 0.9999999 -2.2720224E-8 0.9464285
 1.1669917 1.1126477 0.075230315 1.0900922
 1.0213884 1.0157466 -0.009243984 0.965049
 1.0268801 1.0199122 -0.011612897 0.9699079
 1.0325856 1.0237132 -0.014103411 0.9744398
 1.0143523 1.0106255 -0.0062390314 0.9589055
 1.0159844 1.0117435 -0.0069937054 0.96023303
 1.2419537 1.1595687 -0.115369976 1.1545647
 1.1077508 1.0747428 -0.046637427 1.0394007
 0.9970835 0.99803597 0.0010815026 0.94370043
 0.99973863 0.99981 0.00006853426 0.94624543
 1.0001235 1.0000923 -0.00002920817 0.9465336
 1.0000267 1.0000193 -0.0000025859301 0.9464455
 1.0004061 1.0002977 -0.00015130051 0.94677585
 0.99895823 0.99922705 0.00045581476 0.9455273
 1.000265 1.0001961 -0.0001122246 0.94665796
 0.9996577 0.99974275 0.00013326043 0.94612867
 0.99898237 0.99924314 0.00044619667 0.945545
 0.99999994 0.99999994 2.4215923E-9 0.9464288
 0.99999994 1. 4.6801233E-8 0.9464285
 1.3288325 1.205513 0.16002311 1.2265126
 1.3522099 1.21608 0.16939181 1.2447205
 1.139909 1.0871388 0.06587733 1.0636005
 0.97755796 0.9709179 -0.0063423156 0.9226587
 0.8829025 0.8967198 -0.04231944 0.8420488
 0.80851454 0.8316682 -0.07039077 0.77196974
 0.9151838 0.8572881 1.1867422E-7 0.8530124
 0.80632365 0.7982094 -0.0560685 0.76042014
 0.7690925 0.786356 -0.07526596 0.73542684
 0.8622412 0.8417202 0.03206083 0.81085074
 0.8083425 0.82840174 0.06755297 0.77189577
 0.8280485 0.850995 0.06373434 0.7907595
 0.9551523 0.95840186 0.016043324 0.90469843
 1.126263 1.0810263 -0.05921804 1.052836
 1.237702 1.1563793 -0.11602505 1.1512742
 1.0015475 1.0010872 0.000704075 0.94775784
 1.106724 1.0719153 0.047042154 1.0358146
 1.2295314 1.148221 0.106236495 1.1413679
 1.3375589 1.2088181 0.16079362 1.2323589
 1.0524577 1.033158 0.02113386 0.9871814
 0.9777376 0.98474205 -0.009396101 0.9275618
 0.99983674 0.9998862 -0.000070710645 0.94628936
 1.000033 1.0000231 0.000015744661 0.94645697
 0.9999993 0.9999992 -7.861023E-7 0.9464278
 1.0000002 1.0000002 7.8061134E-7 0.94642895
 0.99999946 0.99999964 2.265234E-8 0.9464281
 0.9999997 0.99999976 -3.592868E-8 0.94642836
 0.99999964 0.99999976 7.6795936E-10 0.9464284
 0.9999998 0.9999998 -2.5957492E-8 0.9464285
 1. 1. -1.0020937E-8 0.94642854
 0.99999994 0.9999998 -1.736213E-8 0.9464286
 1. 0.99999994 -2.766672E-9 0.9464286
 1. 0.9999999 -5.8693228E-8 0.9464285
 0.99999976 0.99999976 -1.42511825E-8 0.9464283
 0.9999999 0.9999999 -2.7650323E-8 0.9464285
 0.99999994 1. -6.108999E-8 0.94642866
 0.9999999 0.9999998 -5.3886993E-9 0.9464284
 0.9989844 0.99921745 0.000451984 0.94551384
 0.99670374 0.9974923 0.0014469118 0.9434764
 1.0021154 1.001605 -0.00091130193 0.9482965
 0.99958545 0.9996974 0.00016525923 0.9460756
 1.2455022 1.1614478 -0.116656214 1.1572628
 1.0758228 1.0535864 -0.032560978 1.0119402
 0.99541545 0.9967523 0.0016176188 0.9423501
 1.0003351 1.0002272 -0.00011702001 0.94673973
 0.99999607 0.9999965 0.0000027632668 0.9464247
 0.9999965 0.9999973 -0.0000012072562 0.94642633
 0.9999619 0.99997103 0.000013883913 0.94639546
 1.0000029 1.000002 -0.0000011924359 0.9464312
 0.9999987 0.999999 1.5834925E-7 0.94642776
 0.99955183 0.9996618 0.00018447646 0.9460345
 1.0000917 1.0000668 -0.000036247333 0.94650674
 0.9999799 0.9999852 0.000008401766 0.9464113
 1.0000343 1.0000261 -0.000015330792 0.94645905
 0.9992502 0.99943554 0.00031637325 0.9457703
 1.2569727 1.1591786 0.12373811 1.1633077
 1.3428617 1.2055362 0.16852783 1.2352965
 1.044523 1.0198016 0.023696002 0.9812551
 0.92387074 0.92805743 -0.025906023 0.8775991
 0.82974625 0.84764874 -0.061059467 0.7910661
 0.8331623 0.7938737 -4.1465636E-8 0.77934706
 0.8063221 0.7982038 0.05606724 0.7604173
 0.75262713 0.75463736 -0.07305542 0.7128095
 0.7766168 0.7932307 -0.076399095 0.73835593
 0.7815392 0.80204177 0.07385816 0.7470477
 0.81471854 0.83820164 0.06871491 0.7778478
 0.91957104 0.92872274 0.029269025 0.8744065
 1.0389442 1.0169046 -0.019406052 0.97508067
 1.2454869 1.1581205 -0.11918612 1.1564021
 1.2894115 1.1872085 -0.1397989 1.1952441
 1.0031337 1.0019156 0.00089487236 0.9492874
 1.0007042 1.000492 0.00025946918 0.9470288
 1.4068081 1.2324649 0.19659409 1.2863775
 1.4119855 1.2377859 0.20228194 1.2919136
 1.3837795 1.2248874 0.18831225 1.2691063
 1.4397371 1.2500645 0.215877 1.3173889
 1.1749821 1.1085565 0.07571504 1.0892158
 0.9656083 0.9768464 -0.009240363 0.9140805
 0.99976355 0.99984443 -0.00009805014 0.946228
 1.000028 1.000016 0.000011698344 0.9464515
 1.000009 1.0000045 0.0000034033878 0.9464346
 0.9999558 0.9999693 -0.000016938899 0.9463916
 1.0000104 1.0000056 -0.0000022478964 0.94643575
 1.0000007 1.0000004 -2.9243456E-8 0.94642913
 0.9999996 0.99999964 -9.367698E-8 0.94642824
 1.0000001 1.0000001 -1.8596195E-7 0.9464288
 0.99999994 1. -1.1944881E-7 0.94642866
 0.99999994 0.9999999 -7.0946335E-8 0.9464286
 1. 1.0000001 1.2559712E-9 0.94642854
 0.99999994 0.99999994 -3.0871814E-8 0.9464285
 1. 1.0000001 -5.2429865E-9 0.94642854
 1. 1. -2.7563255E-8 0.9464286
 1.0000001 1.0000001 -2.4888974E-8 0.94642866
 0.99999994 0.99999994 4.10002E-8 0.94642854
 1. 1. 1.0315418E-8 0.9464286
 1.0000001 1.0000001 -1.0840333E-8 0.94642866
 0.99999994 0.99999994 -4.1387302E-10 0.94642866
 0.999997 0.99999857 2.5542005E-7 0.9464268
 0.99994326 0.999961 0.000019784846 0.94638443
 1.0000069 1.0000052 -0.0000023263676 0.9464346
 0.99961466 0.999705 0.00016894058 0.9460847
 1.1642843 1.1115555 -0.07368391 1.0878025
 1.0181003 1.0135846 -0.008328544 0.96179855
 0.99641937 0.99744314 0.0013602866 0.94334674
 0.9999904 0.9999823 0.00003143841 0.946431
 0.9999155 0.99993646 0.000034642846 0.9463519
 1.0000188 1.0000132 -0.0000073728543 0.9464444
 0.9999999 0.9999998 3.6638906E-7 0.94642854
 1.000006 1.0000045 -0.0000020665234 0.9464339
 0.9999984 0.99999875 6.3709405E-7 0.9464272
 0.99999976 0.99999976 3.6925403E-8 0.9464284
 1. 0.9999999 -3.170385E-8 0.94642854
 0.99996036 0.9999707 0.000014820397 0.9463943
 0.9999892 0.999992 0.0000044306603 0.94641924
 1.0000027 1.0000019 -0.0000011461455 0.946431
 1.0000005 1.0000004 -2.4208117E-7 0.94642913
 1.000003 1.000002 -9.272292E-7 0.9464309
 1.1296693 1.0763303 0.063079245 1.0544218
 1.215519 1.1292332 0.103959925 1.1275381
 0.9728371 0.9650427 -0.0058684773 0.9200435
 0.87196857 0.8814669 -0.0439435 0.8304565
 0.7526249 0.75463164 0.07305446 0.7128064
 0.712905 0.70176244 -2.0144418E-7 0.6743502
 0.76908696 0.7863465 0.0752655 0.73542
 0.7262574 0.7325889 -0.08372476 0.6900358
 0.8200553 0.8295661 -0.059285652 0.7802709
 0.8085099 0.83166087 0.070391 0.77196354
 0.8829007 0.8967175 0.0423199 0.8420466
 0.9775571 0.9709174 0.00634274 0.9226584
 1.1399022 1.0871338 -0.0658739 1.0635945
 1.3288387 1.2055153 -0.16002637 1.2265171
 1.3092257 1.1974279 -0.14935727 1.2109491
 0.9867866 0.9919585 -0.0029932517 0.9349951
 1.002859 1.0017577 0.0009500579 0.9488132
 1.4424002 1.2447624 0.22437435 1.3203548
 1.3747251 1.2129776 0.18652228 1.262395
 1.3028893 1.1775341 0.14911675 1.2016013
 1.5123413 1.2626349 0.25748464 1.3756064
 1.4400681 1.2313796 0.22418351 1.3162389
 1.3837203 1.2085552 0.16644076 1.260889
 0.99972326 0.99984777 -0.000083836516 0.94620883
 1.000036 1.0000186 0.000023695366 0.9464598
 0.9999303 0.9999576 -0.00003233846 0.94637674
 1.0001925 1.0001364 0.000027750739 0.9465939
 0.9998723 0.99992996 -5.2495956E-8 0.9463405
 1.0000103 1.0000056 0.0000021763055 0.94643563
 1.0000004 1.0000004 -8.311048E-7 0.94642895
 0.9999955 0.9999968 0.0000019643207 0.94642484
 0.9999969 0.9999976 0.0000012981541 0.94642586
 0.99999785 0.99999833 8.5025977E-7 0.9464267
 0.9999989 0.9999993 4.0863685E-7 0.9464279
 0.9999999 1. 4.325459E-8 0.94642836
 0.9999999 0.9999999 7.1659225E-9 0.94642854
 0.9999999 0.99999994 -7.794318E-9 0.9464285
 1. 1.0000001 -3.7375436E-8 0.94642866
 1. 1. 3.9497348E-8 0.94642854
 0.9999999 0.9999999 2.306092E-8 0.94642854
 1. 0.99999994 2.4174042E-8 0.9464286
 1. 0.99999994 -5.597159E-8 0.94642854
 1. 1.0000001 3.9637673E-8 0.9464286
 0.99999946 0.9999995 2.1490362E-7 0.9464281
 1.0000007 1.0000005 -5.1198367E-7 0.94642895
 1.000001 1.0000005 -2.7265622E-7 0.9464292
 1.0000007 1.0000005 -3.8341466E-7 0.9464292
 0.9999283 0.9999481 0.00002992045 0.94636756
 1.1092676 1.0767337 -0.048589356 1.040984
 1.0091528 1.0066382 -0.0040677595 0.9543853
 1.0000477 1.0000366 0.000020397041 0.9464849
 0.99945706 0.9996079 0.00021313484 0.94596815
 1.0000821 1.0000576 -0.000032671676 0.9464967
 0.9999915 0.99999374 0.0000034782624 0.9464214
 0.99999994 0.99999994 -3.7653166E-8 0.94642854
 0.9999993 0.9999994 1.4892242E-7 0.94642794
 1.0000014 1.000001 -5.80982E-7 0.9464298
 1. 1. 1.3551689E-8 0.9464287
 1. 1. -5.5896026E-9 0.9464287
 0.9999998 0.99999976 5.8779886E-8 0.9464285
 1.0000012 1.0000008 -5.172356E-7 0.9464297
 1.0000001 1.0000001 -9.406894E-8 0.9464287
 0.9999998 0.99999994 9.573957E-8 0.9464285
 0.99999994 1. 1.955709E-9 0.94642866
 0.9999989 0.9999992 3.2905623E-7 0.9464277
 1.0303191 1.0056311 0.019221412 0.97039217
 1.0867391 1.0422883 0.045692097 1.0188031
 0.90828574 0.90934145 -0.029722797 0.8618315
 0.72625375 0.7325817 0.08372448 0.6900311
 0.7766086 0.7932182 0.07639867 0.73834723
 0.6770455 0.6714741 0.08651734 0.6417464
 0.677043 0.671473 -0.08651765 0.6417452
 0.8297413 0.84764075 0.06105973 0.7910597
 0.7602747 0.760113 -0.06969867 0.7186039
 0.85057586 0.8525862 -0.048995793 0.806282
 0.92386883 0.9280551 0.025906246 0.87759703
 1.0445207 1.0198007 -0.023695288 0.98125356
 1.2569643 1.1591727 -0.123733714 1.1633002
 1.3522193 1.2160839 -0.1693966 1.2447278
 1.2586066 1.168444 -0.12092213 1.1680225
 1.1611236 1.0922117 0.064525604 1.0736092
 0.9787142 0.9864123 -0.007270848 0.92898
 1.0017847 1.0010127 0.0005348003 0.9478182
 1.3031825 1.1632396 0.15405305 1.2017245
 1.2073787 1.1122557 0.10524673 1.1217425
 1.1504356 1.0812191 0.07613362 1.0738264
 1.5257548 1.249624 0.27151778 1.384953
 1.3398712 1.1670474 0.17490843 1.2294995
 1.1929594 1.0887759 0.100857034 1.1039994
 1.6723536 1.2924991 0.34440455 1.5021579
 1.0000637 1.0000638 0.0000026603436 0.9464858
 1.0005664 1.0003465 0.0002453588 0.9468501
 0.9992178 0.9995946 0.00015953029 0.9456194
 1.0031861 1.0017703 1.6843029E-7 0.9486489
 1.0005661 1.0003461 -0.00024529026 0.94684947
 0.9999303 0.99995774 0.000032242624 0.94637674
 1.000009 1.0000048 -0.0000034486914 0.9464347
 0.9999995 0.9999996 7.828059E-7 0.94642794
 1.0000335 1.0000235 -0.000015760632 0.94645715
 1.0000263 1.0000192 -0.000011967636 0.9464516
 1.0000205 1.0000154 -0.000009065262 0.94644666
 1.0000111 1.0000085 -0.0000047190806 0.94643843
 1.0000035 1.0000025 -0.000001403196 0.9464316
 0.99999976 0.99999976 1.5629876E-8 0.94642836
 0.9999999 0.9999999 -9.280661E-9 0.94642854
 0.99999994 0.99999994 4.546278E-9 0.9464285
 0.9999999 0.9999998 1.9337195E-8 0.9464284
 0.99999994 0.99999994 -5.7118714E-9 0.9464285
 0.9999999 0.99999994 -1.7829556E-8 0.9464284
 1. 1. 1.5190086E-8 0.94642866
 1.050422 1.0367469 -0.02292945 0.9902883
 0.99807364 0.9985149 0.0009317396 0.9445161
 0.9978924 0.9984213 0.0009094664 0.9445893
 1.0002713 1.0002292 -0.00013894719 0.94668955
 1.0000204 1.0000122 -0.0000043820846 0.9464436
 0.99999374 0.99999547 0.0000023933635 0.94642335
 1. 0.99999994 4.004812E-8 0.9464286
 0.99999994 0.99999994 -4.7262116E-8 0.94642854
 1. 1.0000001 5.1977572E-8 0.94642866
 0.99999994 0.99999994 5.521876E-8 0.94642854
 0.9999998 0.9999998 4.2033868E-8 0.9464285
 1. 0.99999994 1.6804876E-8 0.94642854
 1. 1. -7.619625E-9 0.9464287
 0.99999994 1. -1.4640938E-8 0.94642866
 0.95209825 0.94142896 -0.010753416 0.9006429
 0.99616647 0.9713243 0.008596359 0.93820256
 0.7602699 0.76010454 0.069698505 0.71859825
 0.82004875 0.8295549 0.05928584 0.7802628
 0.87196416 0.88145924 0.043944035 0.8304501
 0.7044051 0.6923723 0.07672927 0.66642666
 0.70440245 0.69237065 -0.0767294 0.6664252
 0.78680366 0.77964866 -0.060683876 0.7410352
 0.88893455 0.8812138 -0.033216078 0.8397927
 0.97283554 0.9650408 0.0058687236 0.9200419
 1.1296619 1.0763257 -0.06307618 1.0544156
 1.3428601 1.2055337 -0.16852815 1.2352949
 1.3375887 1.2088318 -0.1608103 1.2323825
 1.1670243 1.1126677 -0.07524528 1.0901196
 1.7710708 1.3103333 0.3885326 1.5786531
 1.1417394 1.0768759 0.05542127 1.0528779
 0.9796154 0.98749995 -0.00734645 0.929678
 0.99941623 0.99944437 -0.0009865366 0.9457889
 1.1034905 1.0377349 0.05890194 1.0285507
 1.0441111 1.0021106 0.031422924 0.978831
 1.3230102 1.141736 0.15752642 1.2083529
 1.1819035 1.0650787 0.08962574 1.0866709
 1.0932032 1.0146563 0.05266741 1.0123869
 1.0307324 0.9761651 0.025423443 0.9599672
 1.5126604 1.2212036 0.2621181 1.3691298
 0.98903096 0.9923898 -0.005194722 0.9391073
 0.9949602 0.9957961 -0.0056686974 0.9432821
 0.958881 0.99111784 -7.721257E-7 0.91262054
 0.9890974 0.992437 0.0051927613 0.9391231
 0.9992128 0.9995962 -0.00016022497 0.94562566
 1.0001923 1.0001365 -0.00002765342 0.94659364
 0.9999559 0.99996936 0.000016910582 0.9463916
 1.0000281 1.0000161 -0.000011683682 0.9464515
 0.99976367 0.99984443 0.000098216704 0.9462278
 0.99983716 0.9998864 0.000070694165 0.94628954
 0.99984366 0.99988496 0.00007144783 0.9462921
 0.999909 0.99993074 0.000038994298 0.9463485
 0.9999663 0.9999747 0.000013663191 0.9463993
 0.9999999 0.99999994 2.9777986E-8 0.94642854
 1.0000001 1. -5.2100178E-9 0.9464288
 0.99999994 0.99999994 -2.0844434E-8 0.9464284
 0.9999998 0.9999999 -7.935864E-9 0.94642836
 0.99999994 1. -2.0677187E-9 0.94642854
 1. 1. 3.203769E-8 0.94642854
 1.0058804 1.004552 -0.0027848133 0.9515502
 0.99765325 0.99819803 0.0010070974 0.94435436
 1.0002497 1.0001926 -0.00012831438 0.9466485
 1.0000292 1.0000216 -0.000009230134 0.9464541
 1. 1.0000001 9.314643E-9 0.9464286
 1.0000001 1. -3.328657E-8 0.9464287
 1. 0.99999994 -4.0746637E-9 0.9464285
 0.9999998 0.99999976 3.791435E-8 0.9464283
 0.99999994 0.99999976 1.3483463E-8 0.9464283
 0.9999999 0.99999976 2.2766507E-8 0.9464285
 0.93126416 0.91070026 -0.015885225 0.8757633
 0.7867971 0.7796384 0.060683988 0.74102813
 0.85056835 0.85257363 0.048996117 0.8062729
 0.90828216 0.9093338 0.02972314 0.8618257
 0.7308504 0.71177137 0.07012965 0.68923956
 0.7308476 0.7117692 -0.07012954 0.68923795
 0.8187909 0.8032361 -0.04863994 0.7686936
 1.0303168 1.0056291 -0.019220412 0.9703901
 1.2155066 1.1292256 -0.10395402 1.1275278
 1.383785 1.224889 -0.18831623 1.2691113
 1.2295668 1.1482407 -0.1062549 1.1413971
 1.0557524 1.0397588 -0.024230514 0.994473
 1.9104273 1.3168538 0.4484618 1.6879554
 1.7027963 1.2611687 0.36424506 1.5207846
 1.2169152 1.1163946 0.08739768 1.1167197
 0.98860675 0.9943369 -0.0010769218 0.9377688
 0.9786352 0.9425796 0.0035947068 0.9160292
 1.1781355 1.02615 0.100218445 1.0783819
 1.096556 0.9863149 0.059350923 1.0108159
 1.0244935 0.9426345 0.027878791 0.94804144
 0.9598607 0.900818 0.003702882 0.8915672
 0.9049077 0.86406016 -0.016992956 0.8436977
 1.2862371 1.068117 0.15259595 1.1657963
 1.3572274 1.1081985 0.11117299 1.2211818
 1.0030106 1.0034864 0.028420357 0.93670636
 1.1992168 1.109307 0.080271184 1.1071786
 1.8761829 0.7466226 -0.000056205445 1.4903543
 1.3572906 1.1081035 -0.111165285 1.2211375
 1.0028155 1.0033497 -0.028465241 0.9365045
 0.995015 0.9958329 0.00567547 0.9432878
 0.999412 0.9994438 0.0009877731 0.94579184
 1.0000643 1.0000644 -0.0000027137908 0.9464863
 1.000036 1.0000187 -0.000023589542 0.94645983
 0.99972314 0.9998476 0.00008400602 0.9462085
 1.0028616 1.0017595 -0.00095088675 0.94881564
 1.0007051 1.0004925 -0.00025973658 0.9470293
 1.0015479 1.0010875 -0.00070439774 0.94775814
 1.0009098 1.0007031 -0.00040378873 0.9472329
 1.0002291 1.0001732 -0.00009128639 0.94662994
 1. 1. -2.6151598E-8 0.9464285
 0.9999999 0.9999999 -2.2612687E-8 0.94642854
 0.9999999 0.99999994 1.5966723E-8 0.94642854
 1.0000001 1.0000001 1.0333025E-8 0.94642866
 0.99538743 0.99651587 0.0022116709 0.9423935
 0.9982953 0.9986111 0.0008531444 0.94492126
 0.9999999 0.9999999 5.5577605E-8 0.94642836
 0.85809034 0.83148867 -0.03449759 0.8028715
 0.818784 0.8032261 0.04863992 0.768687
 0.88892704 0.8812001 0.033216145 0.839783
 0.95209557 0.94142157 0.010753652 0.90063775
 0.7593624 0.73118633 0.06225835 0.7130509
 0.7593595 0.731185 -0.06225805 0.71305066
 1.0867348 1.0422845 -0.045689683 1.018799
 1.3028758 1.1775262 -0.14910904 1.2015898
 1.4119978 1.2377896 -0.20228852 1.2919233
 1.1067611 1.0719385 -0.047058634 1.0358462
 0.9957152 0.997421 0.001145429 0.9426968
 1.8047825 1.2511526 0.4009332 1.5930843
 2.0303078 1.3001902 0.48703536 1.775126
 1.4281751 1.1069762 0.21634486 1.2770361
 1.3098462 1.1583328 0.13029502 1.1922892
 0.98418474 0.8483235 0.031993862 0.88956785
 1.0640144 0.8820482 0.07343144 0.9535289
 0.93060255 0.8277482 0.00049785036 0.8495335
 0.8834172 0.80611765 -0.022100175 0.8136289
 0.83539194 0.77912897 -0.03868695 0.7752461
 0.79328084 0.7530978 -0.051837444 0.7407989
 1.173623 0.9254142 0.12444254 1.0445433
 2.8769119 0.40354434 0.22989027 2.3698325
 2.2739408 1.2191225 0.25656167 1.9065281
 2.120457 1.2534912 0.47110286 1.8318601
 2.188144 1.2609539 0.49365878 1.8814354
 2.6802351 0.2934215 -0.00010226539 2.2088106
 2.876374 0.40310135 -0.22957887 2.369324
 2.2761648 1.2183665 -0.25646105 1.9081457
 2.1205685 1.2531357 -0.47112983 1.8319831
 1.1993874 1.1093869 -0.08033406 1.1073023
 0.9886234 0.9943505 0.0010765091 0.9377601
 0.9795909 0.98748416 0.0073528425 0.92965907
 1.0017866 1.0010141 -0.00053560035 0.94782066
 0.978695 0.98639894 0.0072765835 0.9289624
 0.9867795 0.99195313 0.0029955828 0.93498737
 1.0031339 1.0019155 -0.0008947329 0.94928753
 0.9777296 0.9847362 0.009399264 0.9275545
 0.99201566 0.9938387 0.003389543 0.9392522
 1. 0.99999976 2.7546376E-8 0.9464284
 0.99794346 0.9989154 0.00032218642 0.9450003
 0.8580837 0.8314791 0.03449717 0.8028655
 0.9312568 0.9106849 0.015884945 0.87575245
 0.99616355 0.97131604 -0.008596258 0.9381968
 0.7932849 0.7530988 0.051837735 0.7407981
 1.1504258 1.0812118 -0.07612909 1.0738177
 1.3747168 1.2129737 -0.1865171 1.2623881
 1.4068387 1.232481 -0.19660991 1.286405
 1.0524888 1.0331775 -0.021146197 0.9872073
 1.605479 1.1333231 0.30022365 1.4159257
 1.9981152 1.2295151 0.47130927 1.7363774
 1.2956896 0.9542641 0.19177233 1.1410242
 2.610818 0.50689095 0.5086899 2.183403
 2.4399896 0.75189173 0.49492192 2.0125806
 2.4427981 1.0751483 0.4705151 2.0481443
 2.12428 1.1603886 0.5207816 1.8287601
 2.6106498 0.50650233 -0.508358 2.1831715
 2.4402974 0.7519369 -0.494592 2.0128133
 2.4431236 1.0752401 -0.47042003 2.0483415
 2.124226 1.1603272 -0.52069944 1.8286506
 2.1881208 1.2607452 -0.49370965 1.8814577
 1.310222 1.1585135 -0.13041295 1.1925753
 1.2171637 1.1165276 -0.087485 1.1169155
 1.1418897 1.0769585 -0.05547628 1.0530063
 1.1612499 1.0922843 -0.06457827 1.0737201
 0.9656008 0.97683954 0.009241657 0.9140708
 1.3838176 1.2086029 -0.16648827 1.2609704
 1.1750498 1.1085949 -0.07574441 1.0892713
 0.9049004 0.86405003 0.016992182 0.8436919
 0.97862893 0.94256455 -0.0035956053 0.91601926
 1.044105 1.0020998 -0.03142148 0.9788225
 0.8354004 0.7791336 0.038687386 0.7752484
 1.2073636 1.1122438 -0.10524041 1.1217293
 1.4424003 1.244761 -0.22437447 1.3203539
 1.439767 1.2500762 -0.21589506 1.3174146
 1.4673373 0.9656242 0.29273802 1.2708539
 1.8193194 1.1174219 0.3955768 1.5760795
 2.0971901 0.79244167 0.54624456 1.7654738
 2.1340868 1.0326254 0.46936443 1.799944
 2.0974035 0.7922866 -0.5461186 1.7657005
 2.134294 1.0327678 -0.469369 1.8001336
 1.8193631 1.1174654 -0.39561304 1.576097
 1.9979234 1.2293475 -0.47123724 1.7362187
 2.0303996 1.3001257 -0.48706615 1.7751864
 1.9105406 1.316846 -0.44851115 1.6880299
 1.7711287 1.3103353 -0.38855842 1.578691
 1.6723346 1.2924801 -0.34439534 1.5021373
 1.5257316 1.2496066 -0.27150705 1.3849303
 1.5123436 1.2626324 -0.257488 1.3756092
 0.95985454 0.9008068 -0.0037045702 0.891562
 1.0307258 0.97614855 -0.025424141 0.9599563
 1.1034795 1.0377204 -0.058898237 1.0285379
 0.88343364 0.80612993 0.022101255 0.813638
 1.3031586 1.1632233 -0.15404269 1.2017052
 1.4400531 1.2313682 -0.22417776 1.3162277
 1.7548609 0.9453714 0.41740736 1.4850855
 1.7550232 0.9454203 -0.41735289 1.4852244
 1.4673874 0.9657115 -0.29275933 1.2709267
 1.6054789 1.133293 -0.30025214 1.4159098
 1.8046383 1.2510469 -0.4008544 1.5929651
 1.7026869 1.2610947 -0.36417836 1.5206794
 1.5125904 1.2211523 -0.26207328 1.3690588
 1.3229694 1.1416982 -0.15750322 1.2083099
 1.1818796 1.0650485 -0.08961765 1.0866431
 1.3398397 1.167023 -0.17489292 1.2294683
 1.0244865 0.9426197 -0.027880015 0.9480354
 1.0931913 1.0146358 -0.052665737 1.012371
 1.1929399 1.0887566 -0.100848466 1.1039786
 0.93062925 0.82777065 -0.00049585773 0.84955126
 1.2956891 0.9543235 -0.19178478 1.1410323
 1.4281187 1.1069124 -0.2163409 1.2769786
 1.2862148 1.0680822 -0.15259452 1.1657772
 1.1781216 1.0261256 -0.10021517 1.07837
 1.0965492 0.9862978 -0.059350383 1.0108101
 0.984213 0.8483535 -0.03199133 0.88958925
 1.1736344 0.925487 -0.1244496 1.0445784
 1.0640358 0.88209045 -0.07343114 0.9535525
 2.647201 0.116036296 0.000006598605 2.1166856
 2000 7.6120567
